390,4
390,3
390,2
390,1
390,0
389,3
389,2
389,1
389,0
388,3
388,2
388,1
388,0
0,310
0,305
0,308
0,307
0,302
0,304
0,303
0,12
0,545
0,10
0,8
0,0
0,415
0,414
0,300
0,413
0,412
0,299
0,543
0,497
0,298
0,561
0,411
0,297
0,382
0,410
0,296
0,530
0,409
0,295
0,557
0,496
0,294
0,531
0,407
0,293
0,518
0,528
0,292
0,495
0,477
0,291
0,397
0,404
0,290
0,527
0,468
0,289
0,466
0,491
0,288
0,525
0,403
0,287
0,556
0,402
0,286
0,476
0,401
0,285
0,524
0,375
0,284
0,523
0,567
0,283
0,490
0,400
0,282
0,552
0,575
0,281
0,551
0,350
0,280
0,334
0,394
0,279
0,393
0,446
0,278
0,391
0,344
0,277
0,435
0,388
0,276
0,369
0,489
0,275
0,521
0,387
0,274
0,574
0,386
0,273
0,444
0,385
0,272
0,519
0,461
0,271
0,443
0,384
0,270
0,486
0,569
0,269
0,566
0,421
0,268
0,488
0,381
0,267
0,361
0,485
0,266
0,537
0,484
0,265
0,573
0,380
0,264
0,470
0,379
0,263
0,419
0,378
0,262
0,483
0,261
0,514
0,377
0,260
0,513
0,417
0,259
0,512
0,572
0,258
0,541
0,374
0,257
0,511
0,459
0,256
0,550
0,479
0,255
0,520
0,373
0,254
0,439
0,372
0,253
0,493
0,371
0,252
0,565
0,517
0,251
0,333
0,370
0,250
0,549
0,481
0,249
0,548
0,434
0,248
0,529
0,367
0,247
0,563
0,571
0,246
0,547
0,539
0,245
0,427
0,366
0,244
0,469
0,365
0,242
0,330
0,364
0,241
0,538
0,363
366,0
0,553
366,3
0,429
366,5
0,430
0,440
0,447
1,1
2,4
2,5
0,455
0,456
0,494
2,6
2,8
3,0
3,1
204,0
204,3
204,5
205,1
205,3
363,1
363,2
365,0
365,2
365,3
366,4
367,0
367,2
368,0
368,1
368,3
369,0
369,2
369,4
370,0
370,2
370,3
371,1
371,2
371,4
372,1
372,2
372,4
373,0
373,2
373,4
375,0
375,2
375,3
377,0
377,1
377,3
380,0
380,1
380,3
380,4
382,1
382,3
382,4
385,1
385,2
385,4
385,5
386,0
386,2
386,3
386,5
387,0
387,2
387,3
387,1
386,4
386,1
385,6
385,3
385,0
382,2
382,0
380,2
377,4
377,2
375,4
375,1
373,3
373,1
372,3
372,0
371,3
371,0
370,1
369,3
369,1
368,2
367,3
367,1
366,2
365,1
363,3
363,0
205,0
204,1
3,3
2,9
2,2
0,472
0,452
0,449
1,3
1,0
366,1
0,422
0,416
0,408
2,1
0,329
2,7
0,322
2,3
0,243
2,0
0,9
0,240
0,559
0,540
0,239
0,515
0,362
0,238
0,510
0,398
0,237
0,546
0,360
0,236
0,480
0,359
0,235
0,509
0,463
0,234
0,508
0,406
0,233
0,492
0,358
0,232
0,482
0,357
0,231
0,478
0,356
0,230
0,431
0,355
0,229
0,457
0,354
0,228
0,428
0,353
0,227
0,507
0,458
0,226
0,533
0,352
0,225
0,536
0,351
0,224
0,506
0,475
0,223
0,464
0,349
0,222
0,558
0,221
0,505
0,454
0,220
0,474
0,348
0,219
0,347
0,218
0,471
0,346
0,217
0,504
0,345
0,216
0,535
0,473
0,215
0,503
0,343
0,214
0,405
0,342
0,213
0,399
0,341
0,212
0,526
0,340
0,211
0,392
0,339
0,210
0,453
0,338
0,209
0,460
0,337
0,208
0,389
0,336
0,207
0,445
0,487
0,206
0,420
0,335
0,205
0,442
0,396
0,204
0,441
0,451
0,203
0,450
0,332
0,202
0,448
0,438
0,201
0,555
0,502
0,200
0,390
0,331
0,199
0,437
0,467
0,198
0,436
0,197
0,564
0,328
0,196
0,501
0,462
0,195
0,544
0,433
0,194
0,465
0,327
0,193
0,432
0,326
0,192
0,319
0,325
0,63
0,516
0,324
0,62
0,376
0,323
0,61
0,318
0,321
0,60
0,522
0,426
0,59
0,554
0,320
0,58
0,425
0,368
0,57
0,424
0,570
0,56
0,568
0,317
0,55
0,532
0,500
0,54
0,395
0,423
0,53
0,562
0,316
0,52
0,560
0,315
0,51
0,534
0,314
0,50
0,499
0,313
0,49
0,498
0,312
0,48
0,542
0,311
0,47
0,418
0,309
0,46
0,383
0,306
0,45
0,301
0,6
0,5
0,1
0,11
0,4
0,2
0,3
0,7
